5761 0
5761 3
5761 19
5761 20
5777 23
5777 24
5777 27
5777 28
5153 4
5153 5
5153 18
5153 19
5153 32
5153 33
5153 38
5153 39
5153 42
5153 43
5153 52
5153 53
5153 62
5153 63
5153 66
5153 67
5153 74
5153 75
5153 82
5153 83
5153 84
5153 89
5153 90
5153 97
5153 98
5153 104
5153 107
5153 110
5520 25
5729 37
5729 38
5729 43
5729 44
5729 57
5729 58
5729 63
5729 64
5729 67
5729 68
5729 75
5729 77
5729 81
5729 83
5729 84
5729 88
5729 97
5729 98
5729 115
5729 119
5729 121
5729 122
5729 124
5906 20
5906 21
5906 26
5906 27
5906 38
5906 39
5906 50
5906 51
5906 74
5906 78
5906 79
5906 88
5906 89
5906 90
5906 91
5906 108
5906 115
5906 117
5906 118
5906 121
5906 127
5906 137
5906 141
5906 143
5906 162
5906 163
5906 184
5906 188
5130 14
5189 28
5528 12
5528 13
5528 22
5528 23
5528 24
5528 25
5528 26
5528 27
5528 28
5528 29
5528 36
5528 37
5528 40
5528 41
5528 44
5528 45
5528 50
5528 51
5528 52
5528 53
5528 74
5528 75
5528 76
5528 77
5779 4
5779 5
5779 12
5779 13
5779 18
5779 19
5779 20
5779 22
5779 24
5779 25
5779 26
5779 28
5779 29
5779 36
5779 37
5779 38
5779 39
5779 44
5779 45
5779 46
5374 50
5374 51
5170 0
5170 1
5170 12
5170 13
5170 28
5354 10
5354 11
5354 22
5354 23
5354 28
5354 29
5354 32
5459 14
5459 15
5459 20
5459 21
5459 22
5459 23
5459 30
5459 31
5459 50
5459 51
5459 64
5459 65
5459 70
5459 71
5459 80
5459 98
5459 99
5459 110
5459 111
5459 124
5459 125
5459 144
5459 145
5459 169
5459 189
5459 190
5459 197
5459 198
5459 203
5459 204
5930 18
5520 4
5339 6
5339 7
5339 12
5339 13
5339 14
5339 15
5339 18
5339 19
5339 20
5339 21
5339 32
5339 33
5339 36
5339 37
5339 46
5339 47
5339 60
5339 61
5339 64
5339 65
5339 72
5339 73
5339 76
5339 77
5339 96
5339 97
5339 100
5339 101
5339 102
5339 103
5339 106
5339 107
5339 110
5339 114
5339 115
5564 8
5263 0
5523 3
5523 4
5523 5
5523 6
5523 7
5523 8
5523 9
5523 12
5523 13
5523 14
5523 15
5523 16
5523 17
5164 50
5164 51
5164 60
5164 61
5154 9
5154 10
5154 39
5154 104
5154 122
5154 124
5154 180
5154 181
5154 183
5154 207
5540 24
5540 25
5540 26
5540 27
5540 62
5540 63
5540 66
5540 67
5540 86
5540 87
5540 94
5540 95
5540 97
5154 4
5154 6
5154 8
5154 30
5154 33
5154 37
5154 48
5154 49
5154 60
5154 63
5154 86
5154 110
5154 112
5154 113
5154 117
5154 140
5154 141
5154 158
5154 159
5154 163
5154 168
5154 170
5154 171
5154 176
5154 177
5154 179
5154 187
5154 189
5154 197
5154 198
5154 203
5154 204
5937 11
5937 12
5937 21
5937 22
5937 56
5937 57
5154 12
5154 13
5154 17
5154 19
5154 21
5154 25
5154 27
5154 32
5154 35
5154 44
5154 50
5154 53
5154 54
5154 55
5154 56
5154 74
5154 76
5154 90
5154 96
5154 119
5154 121
5154 145
5154 157
5154 160
5154 161
5154 162
5154 164
5154 167
5154 175
5154 191
5154 195
5154 196
5263 1
5609 30
5609 31
5609 34
5609 35
5609 41
5191 18
5191 19
5191 35
5191 36
5127 27
5127 28
5127 36
5127 37
5127 38
5127 40
5127 41
5127 42
5127 45
5127 46
5127 58
5127 59
5127 62
5127 63
5127 70
5127 71
5127 79
5127 80
5127 96
5127 97
5127 112
5127 114
5127 119
5127 120
5127 130
5127 131
5127 138
5127 139
5134 11
5134 12
5134 17
5134 18
5134 19
5134 20
5134 23
5134 24
5134 25
5134 26
5134 29
5134 30
5134 45
5515 0
5515 1
5515 6
5515 7
5515 26
5515 27
5515 44
5515 45
5515 56
5515 57
5515 74
5515 75
5515 183
5515 184
5515 187
5515 188
5515 204
5515 205
5515 208
5515 209
5515 220
5515 221
5515 224
5515 225
5581 6
5581 7
5581 8
5581 13
5581 14
5581 17
5581 18
5581 30
5581 31
5581 38
5581 39
5581 44
5581 45
5581 48
5581 49
5581 60
5581 61
5581 66
5581 67
5581 74
5581 75
5581 76
5581 77
5392 2
5392 3
5392 12
5392 13
5392 15
5411 4
5411 5
5411 10
5411 11
5411 14
5411 15
5411 28
5411 29
5411 40
5411 41
5411 42
5411 43
5411 48
5411 49
5411 74
5411 75
5411 80
5411 81
5411 90
5411 91
5411 94
5411 95
5411 98
5411 99
5411 106
5411 107
5411 118
5411 119
5411 134
5411 135
5411 138
5411 139
5411 140
5411 141
5411 146
5411 147
5411 150
5411 151
5411 154
5411 155
5411 160
5411 161
5411 166
5411 167
5411 168
5411 169
5411 186
5411 187
5762 6
5762 7
5762 9
5762 11
5762 12
5762 15
5762 16
5762 18
5762 24
5762 25
5762 30
5762 41
5762 42
5762 44
5762 48
5762 49
5762 50
5762 70
5762 71
5762 91
5762 94
5762 99
5762 100
5762 115
5762 122
5762 125
5762 128
5762 129
5762 144
5762 145
5762 154
5762 157
5762 197
5762 198
5762 204
5762 207
5762 208
5762 219
5164 4
5164 5
5164 8
5164 9
5164 10
5164 11
5164 34
5164 35
5164 38
5164 39
5164 40
5164 41
5164 42
5164 43
5164 44
5164 45
5164 46
5164 47
5164 56
5164 57
5164 64
5164 65
5164 66
5164 67
5164 68
5164 69
5164 70
5164 71
5366 10
5366 11
5366 18
5366 19
5366 26
5366 27
5154 2
5154 5
5154 11
5154 29
5154 31
5154 34
5154 41
5154 57
5154 64
5154 72
5154 77
5154 79
5154 81
5154 82
5154 83
5154 84
5154 85
5154 88
5154 93
5154 95
5154 98
5154 99
5154 101
5154 102
5154 107
5154 114
5154 118
5154 136
5154 143
5154 144
5154 147
5154 154
5154 155
5154 166
5154 169
5154 172
5154 173
5154 174
5154 184
5154 185
5154 186
5154 188
5154 190
5154 192
5154 194
5154 199
5154 201
5706 8
5706 9
5706 10
5706 11
5706 12
5706 13
5706 16
5706 17
5706 26
5706 27
5706 28
5706 29
5706 30
5706 31
5706 32
5706 33
5706 34
5706 35
5362 2
5122 0
5122 1
5122 2
5122 3
5122 5
5122 9
5122 10
5122 12
5122 13
5122 16
5122 17
5122 18
5122 19
5122 20
5122 21
5122 23
5155 38
5155 48
5155 49
5155 98
5155 122
5155 124
5155 130
5155 131
5155 135
5155 136
5912 2
5912 3
5912 22
5912 23
5912 24
5912 25
5912 44
5912 45
5912 62
5912 63
5912 72
5912 73
5912 74
5912 75
5912 76
5912 77
5912 80
5912 81
5912 82
5912 83
5912 86
5912 89
5912 90
5912 91
5912 92
5912 95
5912 96
5912 103
5912 105
5912 106
5912 108
5912 109
5187 25
5708 9
5708 10
5315 0
5541 2
5541 3
5541 6
5541 7
5541 18
5541 19
5541 22
5541 23
5541 36
5541 37
5541 42
5541 43
5541 48
5541 49
5541 54
5541 55
5541 56
5541 57
5541 69
5541 70
5541 77
5541 78
5541 85
5541 86
5541 109
5541 110
5541 115
5541 116
5541 119
5541 120
5541 125
5541 126
5516 18
5516 19
5516 22
5516 23
5516 26
5516 27
5516 46
5516 47
5516 72
5516 73
5516 74
5516 75
5516 94
5516 95
5516 100
5516 101
5516 102
5516 103
5516 109
5766 17
5766 18
5766 19
5766 20
5942 4
5942 5
5942 6
5942 7
5942 8
5942 9
5942 10
5942 11
5942 16
5942 17
5942 22
5942 23
5942 24
5942 25
5942 27
5151 76
5151 86
5151 87
5151 102
5151 114
5151 123
5151 132
5151 146
5151 159
5151 164
5151 181
5151 182
5151 223
5361 14
5361 15
5361 24
5361 25
5361 28
5361 29
5361 48
5361 49
5361 56
5361 57
5361 74
5361 75
5361 104
5361 105
5361 106
5361 107
5361 129
5361 130
5361 133
5361 134
5361 143
5361 144
5361 147
5361 148
5361 161
5361 162
5361 175
5361 176
5361 179
5361 204
5361 205
5361 212
5361 213
5361 218
5361 219
5515 4
5515 5
5515 14
5515 15
5515 58
5515 59
5515 68
5515 69
5515 72
5515 73
5515 86
5515 94
5515 95
5515 106
5515 107
5515 176
5515 177
5515 180
5515 213
5515 214
5384 10
5384 11
5384 14
5384 15
5384 34
5384 35
5384 38
5384 39
5384 40
5384 41
5384 50
5384 51
5384 74
5384 75
5384 84
5384 85
5384 92
5384 93
5384 98
5384 99
5384 104
5384 105
5384 132
5384 133
5384 192
5384 193
5384 200
5384 201
5384 204
5322 2
5322 3
5322 6
5322 7
5322 8
5322 9
5322 12
5322 13
5322 16
5322 17
5322 18
5322 19
5741 12
5741 14
5741 18
5741 19
5741 30
5741 31
5741 46
5741 47
5741 52
5741 53
5741 60
5424 2
5424 3
5424 6
5424 7
5424 16
5229 5
5229 6
5229 14
5229 15
5229 16
5229 17
5229 18
5229 19
5229 31
5229 32
5229 35
5229 36
5229 43
5229 44
5229 49
5229 50
5229 61
5229 62
5229 63
5229 64
5229 65
5229 66
5229 67
5229 68
5229 73
5229 74
5229 81
5229 82
5229 83
5229 84
5229 85
5353 4
5353 5
5353 12
5353 13
5353 16
5353 17
5353 18
5353 19
5353 24
5353 25
5353 26
5353 27
5353 28
5353 29
5353 36
5353 37
5353 40
5353 41
5353 48
5353 49
5353 50
5353 51
5393 60
5393 61
5509 2
5509 3
5509 4
5509 5
5509 6
5509 7
5509 14
5509 15
5509 18
5509 19
5509 24
5509 25
5509 28
5509 29
5509 34
5509 35
5509 40
5509 41
5509 48
5509 49
5509 50
5509 51
5509 52
5509 53
5509 56
5509 57
5509 60
5509 61
5370 30
5370 31
5370 46
5370 47
5370 48
5370 49
5370 74
5370 75
5370 88
5370 89
5370 92
5370 93
5370 94
5370 95
5370 114
5370 115
5370 116
5370 117
5370 124
5370 125
5370 128
5370 129
5370 134
5370 135
5370 142
5370 143
5459 10
5459 11
5459 12
5459 13
5459 28
5459 29
5459 34
5459 35
5459 42
5459 43
5459 62
5459 63
5459 68
5459 69
5459 74
5459 75
5459 89
5459 90
5459 91
5459 92
5459 102
5459 103
5459 106
5459 107
5459 116
5459 117
5459 118
5459 119
5459 128
5459 129
5459 130
5459 131
5459 134
5459 135
5459 138
5459 139
5459 148
5459 149
5459 165
5459 166
5459 176
5459 177
5459 195
5459 196
5459 212
5459 213
5459 214
5459 215
5459 221
5459 222
5459 223
5452 20
5452 21
5452 42
5452 43
5452 52
5452 53
5733 16
5733 20
5733 22
5733 25
5733 28
5733 29
5733 30
5733 40
5733 65
5733 68
5733 70
5733 71
5733 78
5733 80
5733 89
5733 90
5733 92
5733 103
5733 104
5733 112
5733 114
5733 116
5589 0
5589 1
5589 2
5589 3
5589 4
5589 5
5589 6
5589 7
5589 10
5589 11
5589 12
5589 13
5589 20
5589 21
5589 34
5589 35
5589 42
5589 43
5589 70
5589 71
5589 72
5589 73
5589 78
5589 79
5589 82
5589 83
5589 94
5697 6
5697 7
5697 16
5697 19
5697 20
5697 21
5280 0
5280 1
5280 22
5280 23
5280 24
5280 25
5280 26
5280 27
5280 44
5280 45
5280 46
5280 47
5280 48
5280 49
5280 56
5280 57
5280 58
5280 59
5280 72
5280 73
5280 80
5280 81
5280 90
5280 91
5280 100
5280 101
5280 120
5280 121
5280 128
5280 129
5280 134
5280 135
5280 146
5280 147
5280 154
5280 155
5280 158
5280 159
5280 162
5280 163
5280 176
5280 177
5280 181
5215 4
5771 2
5771 14
5771 15
5771 16
5771 17
5771 18
5771 19
5771 20
5771 21
5771 35
5771 36
5771 37
5771 46
5771 47
5771 48
5771 49
5771 50
5771 51
5771 54
5771 55
5771 56
5771 57
5771 58
5766 4
5766 5
5766 8
5766 9
5766 10
5766 11
5766 12
5766 13
5766 14
5766 15
5766 16
5647 6
5647 7
5647 10
5647 11
5539 8
5539 9
5262 18
5262 20
5262 21
5262 22
5262 25
5262 31
5262 32
5262 60
5262 61
5262 70
5262 71
5262 80
5262 81
5262 87
5262 88
5262 93
5262 94
5262 107
5262 108
5262 109
5262 128
5262 129
5262 130
5262 132
5262 148
5262 149
5262 150
5262 151
5262 154
5262 170
5262 172
5262 173
5262 174
5262 175
5262 194
5262 195
5262 196
5262 197
5262 202
5262 203
5262 206
5262 207
5262 208
5262 209
5262 210
5262 211
5779 27
5427 4
5427 5
5427 6
5427 7
5932 2
5932 3
5932 4
5932 5
5932 8
5932 9
5932 18
5932 19
5932 26
5932 27
5932 28
5932 29
5932 30
5932 31
5932 34
5932 35
5932 43
5916 0
5916 1
5916 2
5916 3
5916 12
5916 13
5916 28
5916 36
5511 4
5511 5
5511 8
5511 9
5511 10
5511 11
5511 12
5511 13
5511 18
5511 19
5511 20
5511 21
5511 28
5511 29
5511 34
5511 35
5511 40
5511 41
5511 50
5511 51
5511 58
5511 59
5511 62
5511 63
5921 0
5921 1
5921 8
5921 9
5921 26
5921 27
5921 28
5921 29
5921 40
5921 41
5921 47
5921 48
5921 49
5921 50
5921 51
5921 52
5921 58
5921 59
5921 62
5921 63
5921 70
5921 71
5921 78
5921 79
5921 88
5921 89
5921 124
5921 125
5921 130
5921 131
5921 132
5921 133
5921 140
5921 141
5921 144
5921 145
5334 0
5334 1
5334 14
5334 15
5334 16
5334 17
5334 18
5334 19
5334 20
5334 21
5334 28
5334 29
5233 24
5601 6
5581 9
5581 10
5581 62
5581 63
5339 22
5339 23
5339 30
5339 31
5339 44
5339 45
5339 54
5339 55
5339 78
5339 79
5339 80
5339 81
5339 86
5339 87
5339 88
5339 89
5339 98
5339 99
5339 112
5339 113
5430 10
5430 11
5430 16
5430 17
5430 30
5430 31
5498 4
5333 2
5333 3
5333 14
5333 15
5333 22
5333 23
5333 44
5333 45
5333 60
5333 61
5333 74
5333 75
5333 94
5333 95
5333 97
5333 98
5333 106
5914 12
5397 14
5397 15
5397 20
5397 21
5397 32
5397 33
5397 34
5397 35
5397 36
5397 37
5397 38
5397 39
5397 52
5397 53
5397 54
5397 55
5397 60
5397 61
5397 72
5397 73
5397 80
5397 81
5397 89
5397 90
5397 105
5397 106
5397 111
5397 112
5397 113
5397 114
5397 119
5397 120
5397 123
5397 124
5397 128
5397 129
5397 139
5397 140
5470 22
5470 23
5470 38
5470 39
5906 8
5906 9
5906 12
5906 13
5906 24
5906 25
5906 40
5906 41
5906 42
5906 43
5906 75
5906 76
5906 80
5906 81
5906 98
5906 99
5906 125
5906 128
5906 129
5906 130
5906 131
5906 134
5906 138
5906 144
5906 145
5906 204
5906 205
5694 19
5694 20
5694 32
5694 33
5694 38
5694 46
5694 52
5694 53
5333 10
5333 11
5333 16
5333 17
5333 18
5333 19
5333 20
5333 21
5333 30
5333 31
5333 32
5333 33
5333 56
5333 57
5333 70
5333 71
5333 76
5333 77
5333 88
5333 89
5333 104
5333 105
5532 4
5532 5
5532 12
5532 13
5532 19
5532 20
5532 27
5532 28
5532 29
5532 30
5532 57
5532 58
5532 73
5532 74
5532 85
5532 86
5532 97
5532 98
5532 99
5532 100
5532 105
5532 106
5532 115
5532 116
5204 17
5124 0
5124 1
5124 8
5124 9
5124 10
5124 11
5124 12
5124 13
5124 20
5124 21
5124 31
5124 32
5124 35
5124 36
5124 42
5124 43
5124 44
5124 45
5896 10
5896 11
5896 12
5896 13
5896 16
5896 17
5896 18
5896 19
5896 22
5896 23
5896 28
5896 29
5896 30
5896 31
5896 40
5896 41
5896 42
5896 43
5896 44
5896 45
5896 50
5896 51
5896 52
5896 53
5896 54
5896 55
5229 1
5229 2
5229 7
5229 8
5229 9
5229 10
5229 12
5229 13
5229 22
5229 23
5229 24
5229 25
5229 26
5229 27
5229 28
5229 30
5229 33
5229 34
5229 37
5229 38
5229 41
5229 42
5229 47
5229 48
5229 51
5229 52
5229 53
5229 54
5229 57
5229 58
5229 79
5229 80
5561 24
5561 25
5561 50
5561 52
5561 53
5561 56
5561 57
5561 58
5561 59
5561 70
5561 71
5561 88
5561 89
5561 98
5561 99
5561 106
5561 107
5561 112
5561 113
5561 126
5561 127
5561 132
5561 133
5561 134
5561 135
5216 8
5208 0
5208 1
5208 2
5208 3
5208 4
5208 5
5208 8
5208 9
5208 18
5208 19
5208 20
5208 21
5208 24
5208 25
5208 32
5208 33
5208 38
5208 39
5208 46
5208 47
5208 50
5208 51
5208 52
5208 53
5208 70
5208 71
5208 76
5208 77
5208 78
5208 79
5208 82
5208 83
5208 92
5208 93
5208 100
5208 101
5208 104
5208 105
5208 106
5208 107
5208 110
5208 111
5208 128
5208 129
5208 132
5208 133
5208 134
5208 135
5208 140
5208 141
5208 144
5208 145
5208 146
5208 147
5208 152
5208 153
5208 154
5208 155
5384 20
5384 21
5384 24
5384 25
5384 26
5384 27
5384 58
5384 59
5384 94
5384 95
5384 124
5384 125
5384 130
5384 131
5384 152
5384 153
5384 158
5384 159
5384 160
5384 161
5384 168
5384 169
5384 172
5384 173
5203 77
5203 78
5203 100
5203 101
5203 111
5375 8
5375 9
5375 24
5375 25
5375 32
5375 33
5338 6
5338 7
5338 10
5338 11
5338 12
5338 13
5338 22
5338 23
5338 32
5338 37
5338 38
5338 40
5338 41
5526 0
5526 1
5526 4
5526 5
5526 25
5462 10
5462 11
5462 28
5462 29
5462 52
5462 53
5462 64
5462 65
5462 66
5462 67
5462 108
5462 109
5326 0
5326 1
5326 18
5326 19
5326 20
5326 21
5326 35
5326 37
5326 44
5326 45
5326 50
5326 51
5326 60
5326 61
5326 62
5326 63
5326 68
5326 69
5326 72
5326 73
5326 128
5326 129
5326 130
5326 131
5450 0
5450 1
5450 2
5450 3
5450 6
5450 7
5450 10
5450 11
5450 12
5450 13
5450 22
5450 23
5450 24
5450 25
5450 26
5450 27
5450 28
5450 29
5450 30
5450 32
5729 0
5729 1
5729 2
5729 3
5729 4
5729 5
5729 6
5729 7
5729 8
5729 9
5729 10
5729 11
5729 15
5729 16
5729 17
5729 18
5729 19
5729 20
5729 22
5729 23
5729 24
5729 27
5729 31
5729 33
5729 34
5729 39
5729 40
5729 41
5729 42
5729 45
5729 46
5729 47
5729 48
5729 49
5729 50
5729 59
5729 60
5729 65
5729 66
5729 71
5729 72
5729 73
5729 74
5729 78
5729 87
5729 91
5729 92
5729 93
5729 94
5729 95
5729 96
5729 101
5729 102
5729 103
5729 104
5729 105
5729 106
5729 107
5729 108
5729 109
5729 110
5729 111
5729 112
5729 113
5729 114
5729 116
5729 117
5729 125
5729 126
5729 128
5729 129
5729 130
5756 0
5756 1
5756 5
5756 17
5756 19
5756 20
5385 2
5385 3
5385 6
5385 7
5385 28
5385 29
5385 30
5385 31
5385 40
5385 41
5385 44
5385 45
5385 64
5385 65
5385 82
5385 83
5385 96
5385 97
5385 102
5385 103
5385 104
5385 105
5385 138
5385 139
5385 146
5385 147
5385 152
5385 153
5385 182
5385 183
5385 190
5385 191
5385 199
5609 0
5609 1
5609 6
5609 7
5609 10
5609 11
5609 14
5609 15
5609 16
5609 17
5609 22
5609 23
5609 36
5609 37
5609 40
5478 3
5478 6
5478 7
5478 10
5478 13
5478 14
5478 21
5478 22
5478 27
5478 28
5478 35
5478 36
5478 51
5478 52
5478 57
5478 58
5195 4
5195 5
5195 6
5195 7
5195 8
5195 9
5195 10
5195 11
5195 12
5195 13
5195 14
5195 15
5195 16
5195 17
5195 18
5195 19
5195 27
5195 28
5195 30
5195 31
5195 34
5195 35
5195 50
5195 51
5195 52
5195 53
5195 56
5195 57
5195 60
5195 61
5195 63
5195 67
5187 13
5187 14
5187 69
5187 71
5187 75
5187 76
5187 117
5187 118
5187 119
5187 135
5187 147
5187 148
5187 155
5187 157
5187 158
5187 169
5187 196
5187 197
5187 208
5187 210
5187 213
5187 214
5187 220
5187 221
5187 222
5187 225
5512 0
5512 1
5512 2
5512 3
5512 14
5512 20
5512 21
5512 24
5512 25
5512 36
5512 37
5512 52
5512 53
5512 62
5512 63
5512 66
5512 67
5512 72
5512 73
5512 74
5512 75
5512 76
5512 77
5512 91
5512 96
5512 97
5512 101
5512 102
5512 113
5512 114
5512 168
5512 169
5512 175
5512 176
5512 181
5512 182
5512 185
5512 186
5512 198
5512 199
5512 200
5512 209
5364 0
5364 1
5364 2
5364 3
5364 27
5364 28
5364 30
5364 49
5364 50
5364 51
5364 74
5364 75
5364 92
5364 93
5364 98
5364 99
5364 114
5364 124
5364 125
5364 128
5364 129
5364 144
5364 145
5364 146
5364 147
5364 148
5364 149
5364 157
5932 0
5932 1
5932 22
5932 40
5932 41
5419 2
5419 3
5419 6
5419 7
5419 16
5419 17
5419 32
5419 33
5419 42
5419 43
5419 56
5419 57
5419 62
5419 63
5419 70
5419 71
5419 76
5419 77
5419 80
5419 81
5419 84
5419 85
5419 86
5419 87
5419 98
5419 99
5419 104
5419 105
5419 112
5419 113
5419 134
5419 135
5946 2
5946 3
5946 18
5946 19
5946 36
5946 37
5946 44
5946 45
5946 48
5946 49
5946 60
5946 61
5946 72
5946 73
5946 78
5946 79
5946 82
5946 83
5946 84
5946 85
5946 94
5946 95
5597 2
5597 3
5597 6
5597 7
5597 8
5597 9
5597 14
5597 15
5597 16
5597 17
5597 22
5597 23
5597 28
5597 29
5597 32
5597 33
5597 38
5597 39
5597 42
5597 43
5597 44
5597 45
5597 46
5597 47
5597 50
5597 51
5597 52
5597 53
5597 62
5597 63
5774 0
5774 1
5774 2
5774 3
5774 4
5774 5
5774 14
5774 15
5774 24
5774 25
5774 44
5774 45
5774 50
5774 51
5774 58
5774 59
5774 60
5774 61
5774 87
5774 88
5774 99
5774 100
5774 103
5774 104
5774 109
5338 2
5338 3
5338 16
5338 17
5338 20
5338 21
5338 24
5338 25
5338 30
5338 33
5338 34
5338 35
5338 36
5338 39
5338 42
5338 46
5338 48
5583 0
5583 7
5583 8
5583 9
5583 20
5583 23
5583 24
5583 30
5583 31
5583 34
5332 2
5332 3
5332 18
5332 19
5332 34
5332 35
5332 38
5332 39
5332 46
5332 47
5332 50
5332 51
5332 66
5332 67
5332 78
5332 79
5332 87
5332 88
5332 102
5332 103
5332 120
5332 121
5332 134
5332 135
5332 158
5332 159
5332 162
5332 163
5332 168
5332 169
5332 172
5332 173
5332 174
5332 175
5332 192
5332 194
5235 0
5235 5
5235 7
5235 16
5235 17
5235 18
5235 19
5235 21
5235 22
5235 23
5235 26
5235 27
5235 29
5235 35
5235 36
5235 40
5235 41
5235 42
5235 43
5235 44
5235 45
5235 46
5235 47
5235 55
5235 56
5235 59
5235 60
5235 73
5235 74
5179 20
5179 21
5179 30
5179 31
5179 60
5179 61
5179 68
5179 69
5179 92
5179 93
5179 102
5179 103
5179 130
5179 131
5179 148
5179 149
5179 178
5179 179
5179 190
5179 191
5179 196
5179 197
5179 205
5179 206
5179 209
5179 210
5179 223
5179 224
5409 0
5409 1
5409 2
5409 3
5409 10
5409 11
5409 14
5409 15
5409 16
5409 17
5409 22
5409 23
5409 28
5409 29
5409 31
5409 32
5409 33
5384 8
5384 9
5384 32
5384 33
5384 66
5384 67
5384 70
5384 71
5384 120
5384 121
5384 128
5384 129
5384 182
5384 183
5384 188
5384 189
5769 6
5769 7
5769 10
5769 11
5769 16
5769 17
5769 20
5769 32
5769 34
5769 35
5769 39
5769 41
5769 42
5769 43
5769 44
5769 45
5769 51
5769 59
5769 60
5769 63
5361 12
5361 13
5361 22
5361 23
5361 32
5361 33
5361 44
5361 45
5361 50
5361 51
5361 52
5361 53
5361 64
5361 65
5361 76
5361 77
5361 94
5361 95
5361 98
5361 99
5361 102
5361 103
5361 110
5361 112
5361 115
5361 116
5361 135
5361 136
5361 151
5361 152
5361 153
5361 154
5361 157
5361 158
5361 165
5361 166
5361 167
5361 168
5361 169
5361 177
5361 184
5361 185
5361 196
5361 197
5361 198
5361 199
5709 2
5709 3
5709 7
5709 8
5709 11
5709 12
5709 15
5709 16
5709 17
5709 18
5709 24
5709 25
5709 26
5709 29
5709 33
5709 34
5709 41
5709 42
5709 43
5709 44
5709 61
5709 62
5709 70
5709 71
5709 78
5709 79
5709 82
5709 83
5709 91
5709 92
5709 101
5709 102
5709 107
5709 108
5709 111
5709 112
5709 115
5709 116
5709 119
5709 120
5709 127
5709 128
5709 129
5709 130
5709 133
5709 134
5709 135
5709 138
5709 139
5709 140
5709 141
5709 142
5709 143
5709 144
5654 6
5654 7
5654 22
5654 23
5654 32
5654 33
5654 36
5654 37
5654 38
5654 39
5654 40
5654 44
5654 50
5654 51
5654 52
5654 57
5654 58
5654 61
5185 56
5185 80
5569 0
5569 1
5569 2
5569 3
5569 8
5569 9
5569 12
5569 13
5569 16
5569 17
5569 18
5569 19
5569 20
5569 21
5569 30
5569 31
5270 0
5270 1
5270 4
5270 5
5270 7
5270 8
5270 24
5270 26
5270 49
5237 64
5237 65
5237 8
5237 9
5237 21
5237 22
5237 23
5237 25
5237 38
5237 39
5418 10
5464 4
5464 5
5464 10
5464 11
5464 37
5127 6
5127 7
5127 12
5127 13
5127 14
5127 15
5127 18
5127 19
5127 51
5127 52
5127 53
5127 85
5127 86
5127 98
5127 99
5127 110
5127 111
5127 115
5127 116
5127 117
5127 118
5127 123
5127 124
5127 134
5127 135
5127 142
5127 143
5906 2
5906 3
5906 4
5906 5
5906 6
5906 7
5906 36
5906 37
5906 58
5906 59
5906 60
5906 61
5906 64
5906 69
5906 71
5906 82
5906 83
5906 100
5906 101
5906 135
5906 136
5906 146
5906 150
5906 165
5906 169
5906 170
5906 175
5906 176
5906 191
5906 192
5906 195
5906 196
5906 199
5516 0
5516 1
5516 4
5516 5
5516 6
5516 7
5516 8
5516 9
5516 10
5516 11
5516 12
5516 13
5516 14
5516 15
5516 24
5516 25
5516 28
5516 29
5516 32
5516 33
5516 78
5516 79
5516 84
5516 85
5516 86
5516 87
5516 90
5516 91
5516 96
5516 97
5516 98
5516 99
5516 107
5516 108
5516 111
5162 0
5162 1
5162 2
5162 3
5162 4
5162 5
5162 6
5162 7
5162 8
5162 9
5162 10
5162 11
5162 12
5162 13
5162 16
5162 17
5162 18
5162 19
5162 20
5162 21
5162 22
5162 23
5162 26
5162 27
5162 28
5162 29
5162 32
5162 33
5162 34
5162 35
5162 37
5162 39
5162 40
5162 42
5718 0
5718 1
5718 8
5718 9
5718 19
5718 21
5718 22
5718 25
5718 28
5718 30
5718 38
5718 39
5720 2
5720 3
5720 4
5720 5
5720 6
5720 7
5720 8
5720 9
5720 10
5720 11
5720 25
5720 26
5720 28
5720 29
5720 36
5720 37
5720 40
5720 41
5189 2
5189 19
5897 0
5897 1
5897 2
5897 3
5897 4
5897 5
5897 6
5897 7
5897 8
5897 9
5897 14
5897 15
5897 16
5897 17
5897 18
5897 19
5897 20
5897 21
5897 22
5897 23
5897 36
5897 37
5897 40
5897 41
5897 46
5897 47
5897 50
5897 51
5897 61
5897 62
5897 64
5897 65
5897 67
5353 2
5353 3
5353 6
5353 7
5353 8
5353 9
5353 10
5353 11
5353 20
5353 21
5353 30
5353 31
5353 44
5353 45
5353 46
5353 47
5730 10
5730 11
5730 20
5730 24
5730 41
5730 42
5730 55
5730 56
5730 59
5730 61
5527 0
5527 1
5527 4
5527 5
5527 20
5527 21
5527 28
5527 29
5527 36
5527 37
5527 54
5527 55
5527 56
5527 57
5527 74
5527 75
5527 88
5527 89
5527 94
5527 95
5527 96
5527 97
5226 4
5226 5
5226 63
5614 5
5532 31
5532 32
5532 35
5532 36
5532 53
5532 54
5532 81
5532 82
5532 93
5532 94
5532 95
5532 96
5532 109
5532 110
5532 113
5532 114
5643 4
5643 5
5643 6
5643 7
5643 12
5643 13
5643 20
5643 21
5643 22
5643 23
5643 36
5643 37
5643 38
5643 39
5643 42
5643 43
5643 50
5643 51
5643 52
5643 53
5643 56
5643 57
5354 8
5354 9
5354 14
5354 15
5354 16
5354 17
5354 18
5354 19
5354 20
5354 21
5427 28
5526 10
5526 11
5526 12
5526 13
5526 14
5526 15
5526 18
5526 19
5526 21
5526 22
5526 23
5428 4
5428 5
5428 6
5428 7
5428 8
5428 9
5428 10
5428 11
5428 12
5428 13
5428 16
5428 17
5428 18
5428 19
5428 24
5428 25
5428 28
5375 6
5375 7
5375 16
5375 17
5375 20
5375 21
5375 40
5375 41
5375 48
5362 10
5362 11
5362 14
5362 15
5362 33
5208 28
5208 29
5208 30
5208 31
5208 66
5208 67
5208 118
5208 119
5412 18
5412 19
5412 20
5412 21
5412 44
5412 45
5412 46
5412 47
5412 52
5412 53
5412 58
5412 59
5412 66
5412 67
5412 98
5412 99
5412 110
5412 111
5412 116
5412 117
5412 118
5412 119
5412 156
5412 157
5412 164
5412 165
5326 6
5326 7
5326 8
5326 9
5326 28
5326 29
5326 30
5326 38
5326 39
5326 40
5326 41
5326 54
5326 55
5326 56
5326 57
5326 66
5326 67
5326 88
5326 89
5326 90
5326 95
5326 96
5326 105
5326 106
5326 110
5326 123
5326 124
5326 134
5326 135
5437 0
5437 1
5437 8
5437 9
5437 14
5437 15
5437 16
5437 17
5437 46
5437 47
5437 64
5437 65
5437 78
5437 79
5437 84
5437 85
5437 86
5437 87
5437 112
5437 113
5437 132
5437 133
5437 146
5437 147
5437 156
5437 157
5437 172
5437 173
5437 190
5437 191
5437 196
5437 197
5437 202
5437 203
5390 4
5390 5
5390 6
5390 26
5390 27
5390 34
5390 35
5390 42
5390 43
5390 58
5390 59
5390 66
5155 11
5155 41
5155 47
5155 50
5155 123
5155 140
5368 14
5368 15
5368 20
5368 21
5368 26
5368 27
5368 44
5368 45
5368 46
5368 47
5368 52
5368 53
5368 56
5368 57
5368 58
5368 59
5368 60
5368 61
5368 62
5368 63
5368 76
5368 77
5368 78
5368 79
5368 80
5368 81
5368 82
5368 83
5368 98
5368 99
5368 104
5368 105
5368 118
5368 119
5368 128
5368 129
5368 132
5368 133
5923 4
5923 5
5923 6
5923 7
5923 8
5923 9
5923 12
5923 13
5923 14
5923 15
5923 16
5923 17
5923 20
5923 21
5923 24
5923 25
5923 34
5923 35
5923 42
5923 43
5923 44
5923 45
5923 48
5923 49
5708 13
5708 14
5708 17
5708 18
5394 4
5394 5
5394 8
5394 9
5394 12
5394 13
5394 18
5394 19
5394 24
5394 25
5394 26
5394 27
5394 36
5394 37
5394 38
5394 39
5394 58
5394 59
5394 62
5932 6
5932 7
5932 12
5932 16
5932 17
5932 20
5932 21
5932 32
5932 33
5932 36
5932 37
5932 38
5932 39
5932 42
5777 0
5777 1
5777 2
5777 3
5777 4
5777 5
5777 10
5777 11
5777 12
5777 13
5777 14
5777 19
5777 20
5777 21
5777 22
5777 29
5777 30
5777 31
5777 32
5777 33
5777 34
5512 8
5512 9
5512 10
5512 11
5512 38
5512 39
5512 42
5512 43
5512 48
5512 49
5512 50
5512 51
5512 54
5512 55
5512 68
5512 69
5512 70
5512 71
5512 88
5512 89
5512 146
5512 147
5512 171
5512 172
5512 213
5512 214
5376 0
5607 2
5607 19
5607 20
5607 33
5607 40
5607 41
5607 48
5607 49
5607 52
5607 63
5607 64
5607 75
5607 76
5607 79
5607 80
5607 81
5607 82
5607 83
5607 84
5607 87
5607 88
5607 91
5607 92
5607 95
5607 96
5192 0
5192 2
5192 3
5192 4
5192 5
5192 6
5192 7
5192 9
5192 10
5192 11
5192 12
5192 14
5192 15
5192 16
5192 17
5192 18
5192 19
5192 20
5192 21
5192 24
5192 25
5192 26
5192 27
5192 28
5192 29
5192 30
5192 31
5322 10
5322 11
5892 6
5892 7
5892 10
5892 11
5892 24
5892 25
5892 40
5892 41
5892 48
5892 56
5892 57
5376 6
5376 7
5376 20
5376 21
5376 24
5376 25
5376 28
5376 29
5376 36
5376 37
5531 8
5531 9
5531 10
5531 11
5531 22
5531 23
5531 26
5531 27
5531 28
5531 29
5531 36
5531 37
5531 38
5531 39
5531 44
5531 45
5531 54
5531 55
5531 66
5531 67
5531 74
5531 75
5531 84
5531 85
5531 86
5531 87
5531 92
5531 93
5531 102
5237 4
5237 5
5237 6
5237 7
5237 10
5237 11
5237 16
5237 18
5237 26
5237 27
5237 29
5237 30
5237 31
5237 32
5237 40
5237 41
5237 42
5237 45
5237 51
5237 52
5237 55
5237 56
5237 57
5237 59
5237 62
5237 63
5391 6
5391 7
5391 8
5391 9
5391 24
5391 25
5391 28
5391 29
5391 34
5391 35
5391 36
5391 37
5391 44
5391 45
5418 0
5418 1
5418 4
5418 5
5418 18
5418 19
5418 28
5418 29
5418 30
5418 31
5418 40
5418 41
5418 42
5418 43
5418 44
5418 49
5418 50
5418 51
5418 58
5418 59
5418 74
5418 75
5418 84
5418 85
5418 92
5418 93
5418 94
5418 95
5418 96
5418 97
5418 104
5418 105
5418 110
5418 111
5418 112
5418 113
5418 116
5418 117
5418 124
5418 125
5418 126
5418 127
5418 130
5418 131
5418 140
5418 141
5418 142
5418 143
5418 150
5418 151
5418 156
5418 157
5418 168
5418 169
5418 174
5418 175
5273 11
5273 12
5273 34
5273 35
5273 42
5273 43
5273 44
5273 45
5273 50
5273 51
5273 67
5273 68
5273 98
5273 99
5273 106
5273 107
5273 112
5273 113
5273 114
5273 115
5273 135
5273 136
5273 159
5273 160
5905 0
5905 1
5905 12
5905 13
5905 24
5905 25
5905 26
5905 27
5905 31
5905 32
5905 33
5905 34
5905 47
5905 48
5905 53
5905 54
5905 55
5905 56
5905 61
5905 63
5905 64
5905 65
5905 72
5905 73
5712 2
5712 4
5712 8
5712 9
5712 19
5712 21
5712 25
5712 28
5712 31
5712 33
5712 34
5712 35
5712 41
5712 46
5712 47
5712 58
5712 59
5712 61
5712 63
5712 64
5712 65
5712 66
5712 67
5712 70
5712 71
5712 72
5712 73
5712 85
5712 87
5712 88
5712 89
5712 93
5712 95
5712 105
5712 106
5712 109
5712 110
5712 119
5712 120
5712 128
5712 129
5712 134
5712 135
5712 142
5712 143
5712 146
5712 147
5712 148
5712 149
5167 30
5138 0
5138 1
5138 2
5138 3
5138 4
5138 5
5138 6
5138 7
5138 8
5138 9
5138 10
5278 8
5278 37
5278 38
5278 47
5278 48
5278 67
5278 68
5278 87
5278 88
5278 89
5278 90
5278 111
5278 112
5278 114
5382 14
5382 15
5382 24
5382 26
5382 35
5382 36
5382 55
5382 56
5382 65
5382 66
5382 113
5382 114
5382 117
5382 118
5382 119
5382 120
5382 161
5382 162
5382 165
5382 166
5382 175
5382 176
5382 187
5382 188
5382 189
5382 194
5480 0
5480 1
5480 8
5480 9
5480 12
5480 13
5480 14
5480 15
5480 18
5480 19
5528 14
5528 15
5528 34
5528 35
5528 38
5528 39
5528 56
5528 57
5528 70
5528 71
5528 72
5528 73
5567 16
5567 17
5567 25
5653 0
5653 1
5653 8
5653 9
5653 14
5653 15
5653 16
5653 17
5653 18
5653 19
5653 20
5653 23
5653 24
5653 25
5653 26
5653 37
5653 38
5653 39
5653 42
5653 43
5653 46
5653 47
5653 57
5653 58
5653 61
5653 62
5653 63
5653 65
5653 66
5653 67
5653 68
5653 69
5653 70
5653 77
5653 78
5653 79
5653 80
5653 81
5653 82
5653 83
5653 87
5653 88
5653 91
5653 99
5653 100
5653 102
5653 103
5617 0
5617 6
5617 10
5617 21
5617 30
5617 36
5617 37
5617 49
5617 54
5617 58
5617 60
5371 10
5181 2
5181 3
5181 7
5181 9
5929 4
5929 5
5929 46
5929 47
5929 68
5929 69
5929 70
5929 71
5929 78
5929 79
5929 82
5929 83
5929 116
5929 117
5929 118
5929 119
5368 4
5368 5
5368 6
5368 7
5368 12
5368 13
5368 24
5368 25
5368 48
5368 49
5368 66
5368 67
5368 84
5368 85
5368 88
5368 89
5368 90
5368 91
5368 92
5368 93
5368 102
5368 103
5368 110
5368 111
5368 120
5368 121
5179 6
5179 7
5179 24
5179 25
5179 64
5179 65
5179 86
5179 87
5179 122
5179 123
5179 124
5179 125
5179 132
5179 133
5179 150
5179 151
5179 216
5179 217
5179 231
5179 232
5444 4
5146 0
5385 10
5589 18
5589 19
5589 22
5589 23
5589 28
5589 29
5589 30
5589 31
5589 32
5589 33
5589 36
5589 37
5589 40
5589 41
5589 44
5589 45
5589 50
5589 51
5589 56
5589 57
5589 62
5589 63
5589 68
5589 69
5589 76
5589 77
5589 80
5589 81
5589 84
5589 85
5589 86
5589 87
5589 88
5589 89
5589 90
5589 91
5589 95
5914 6
5914 18
5914 19
5914 24
5914 25
5914 28
5914 29
5914 32
5914 33
5914 36
5914 37
5914 38
5914 39
5914 42
5914 43
5914 44
5914 45
5914 48
5914 49
5914 66
5914 67
5914 70
5914 71
5914 76
5914 77
5914 82
5914 83
5914 84
5914 85
5914 88
5914 89
5914 102
5914 103
5914 112
5914 113
5914 130
5914 131
5377 16
5377 17
5329 2
5329 3
5329 4
5329 5
5329 8
5329 9
5329 13
5329 14
5329 17
5329 18
5329 19
5343 20
5343 21
5343 27
5343 28
5598 0
5598 1
5598 12
5598 13
5598 14
5598 15
5598 18
5598 19
5598 20
5598 21
5598 22
5598 23
5598 26
5598 27
5598 28
5598 29
5598 71
5598 72
5598 73
5598 74
5598 92
5598 93
5598 99
5598 100
5598 105
5598 106
5598 115
5440 2
5440 3
5440 4
5440 5
5440 8
5440 9
5440 30
5440 31
5440 34
5440 35
5151 9
5151 10
5151 11
5151 25
5151 26
5151 28
5151 33
5151 40
5151 43
5151 44
5151 49
5151 50
5151 51
5151 56
5151 59
5151 60
5151 64
5151 65
5151 67
5151 71
5151 72
5151 79
5151 82
5151 93
5151 101
5151 103
5151 111
5151 119
5151 122
5151 124
5151 126
5151 127
5151 133
5151 135
5151 142
5151 155
5151 158
5151 165
5151 167
5151 168
5151 171
5151 175
5151 176
5151 191
5151 193
5151 194
5151 215
5151 216
5151 220
5151 222
5606 2
5606 3
5606 22
5606 23
5606 26
5606 27
5606 34
5606 35
5606 40
5606 41
5606 60
5263 33
5263 34
5263 53
5263 54
5608 0
5328 2
5328 3
5328 22
5328 23
5328 26
5328 27
5328 36
5328 37
5328 56
5328 57
5328 60
5328 61
5328 88
5328 89
5328 100
5328 101
5204 6
5204 7
5204 8
5204 9
5204 15
5204 16
5204 23
5204 24
5204 26
5204 29
5204 30
5204 31
5204 32
5204 33
5204 34
5204 36
5204 38
5204 40
5204 43
5204 44
5204 49
5204 51
5204 52
5204 72
5204 73
5204 98
5204 99
5204 115
5204 116
5204 117
5204 135
5204 138
5204 139
5204 140
5204 156
5204 157
5189 3
5189 4
5189 5
5189 6
5189 7
5189 8
5189 9
5189 10
5189 11
5189 12
5189 14
5189 15
5189 16
5189 17
5189 18
5189 20
5189 21
5189 22
5189 24
5189 25
5189 26
5189 27
5906 0
5906 1
5906 14
5906 15
5906 22
5906 23
5906 28
5906 29
5906 54
5906 55
5906 86
5906 87
5906 92
5906 93
5906 102
5906 103
5906 104
5906 105
5906 106
5906 107
5906 113
5906 114
5906 152
5906 153
5906 156
5906 157
5906 158
5906 159
5906 171
5906 172
5906 179
5906 181
5906 182
5906 185
5906 189
5906 190
5906 197
5906 198
5906 200
5906 201
5906 210
5160 2
5340 6
5155 6
